# This file may be used to create an environment using:
# $ conda create --name <env> --file <this file>
# platform: win-64
absl-py=1.0.0=pypi_0
astor=0.8.1=pypi_0
ca-certificates=2021.10.8=h5b45459_0
cachetools=4.2.4=pypi_0
certifi=2021.10.8=pypi_0
charset-normalizer=2.0.9=pypi_0
freetype=2.10.4=h546665d_1
gast=0.2.2=pypi_0
google-auth=1.35.0=pypi_0
google-auth-oauthlib=0.4.6=pypi_0
google-pasta=0.2.0=pypi_0
grpcio=1.43.0=pypi_0
h5py=2.10.0=pypi_0
idna=3.3=pypi_0
importlib-metadata=4.10.0=pypi_0
jbig=2.1=h8d14728_2003
jpeg=9d=h8ffe710_0
keras-applications=1.0.8=pypi_0
keras-preprocessing=1.1.2=pypi_0
lcms2=2.12=h2a16943_0
lerc=3.0=h0e60522_0
libdeflate=1.8=h8ffe710_0
libpng=1.6.37=h1d00b33_2
libtiff=4.3.0=hd413186_2
libzlib=1.2.11=h8ffe710_1013
lz4-c=1.9.3=h8ffe710_1
markdown=3.3.6=pypi_0
numpy=1.21.5=pypi_0
oauthlib=3.1.1=pypi_0
olefile=0.46=pyh9f0ad1d_1
openjpeg=2.4.0=hb211442_1
openssl=3.0.0=h8ffe710_2
opt-einsum=3.3.0=pypi_0
pillow=8.4.0=py37hd7d9ad0_0
pip=21.3.1=pyhd8ed1ab_0
protobuf=3.19.1=pypi_0
pyasn1=0.4.8=pypi_0
pyasn1-modules=0.2.8=pypi_0
python=3.7.12=h900ac77_100_cpython
python_abi=3.7=2_cp37m
requests=2.26.0=pypi_0
requests-oauthlib=1.3.0=pypi_0
rsa=4.8=pypi_0
scipy=1.4.1=pypi_0
setuptools=60.2.0=py37h03978a9_0
six=1.16.0=pypi_0
sqlite=3.37.0=h8ffe710_0
tensorboard=2.1.1=pypi_0
tensorflow-gpu=2.1.0=pypi_0
tensorflow-gpu-estimator=2.1.0=pypi_0
termcolor=1.1.0=pypi_0
tk=8.6.11=h8ffe710_1
typing-extensions=4.0.1=pypi_0
ucrt=10.0.20348.0=h57928b3_0
urllib3=1.26.7=pypi_0
vc=14.2=hb210afc_5
vs2015_runtime=14.29.30037=h902a5da_5
werkzeug=2.0.2=pypi_0
wheel=0.37.1=pyhd8ed1ab_0
wrapt=1.13.3=pypi_0
xz=5.2.5=h62dcd97_1
zipp=3.7.0=pypi_0
zlib=1.2.11=h8ffe710_1013
zstd=1.5.1=h6255e5f_0
